--[[Desktop Image]]--
fffffffffffffffffffffffffffffffffffffffffffffffffff
888888888888888888888888888888888888888888888888888
888888888888888888888888888888888888888888888888888
888888888888888888888888888888888888888888888888888
888888888888888888888888888888888888888888888888888
888888888888888888888888888888888888888888888888888
888888888888888888888888888888888888888888888888888
888888888888888888888888888888888888888888888888888
888888888888888888888888888888888888888888888888888
888888888888888888888888888888888888888888888888888
888888888888888888888888888888888888888888888888888
888888888888888888888888888888888888888888888888888
888888888888888888888888888888888888888888888888888
888888888888888888888888888888888888888888888888888
888888888888888888888888888888888888888888888888888
888888888888888888888888888888888888888888888888888
888888888888888888888888888888888888888888888888888
888888888888888888888888888888888888888888888888888
aaaaaaaaaaaaaaaaaaaaaaaaaaaaaaaaaaaaaaaaaaaaaaaaaaa
